14,16
14,15
14,14
14,13
14,12
14,11
14,10
14,9
14,8
14,7
14,6
14,5
14,4
14,3
14,2
14,1
14,0
13,3
13,1
13,0
12,8
12,7
12,6
12,5
12,4
12,3
12,2
12,1
12,0
11,5
11,4
11,3
11,2
11,1
11,0
10,4
10,3
10,2
10,1
10,0
9,5
9,4
9,3
9,2
9,1
9,0
8,5
8,4
8,3
8,2
8,1
8,0
7,4
7,3
7,1
7,0
6,5
6,4
6,3
6,2
6,1
6,0
5,6
5,5
5,4
5,3
5,1
5,0
4,3
4,2
4,1
4,0
3,6
3,5
3,4
3,3
3,2
3,1
3,0
2,6
2,5
2,4
2,3
2,2
2,1
2,0
1,3
1,2
1,1
1,0
0,439
0,435
0,423
0,416
0,411
0,408
0,406
0,405
0,395
0,385
0,383
0,380
0,376
0,369
0,367
0,365
0,362
0,359
0,322
0,314
26,1
26,7
0,243
26,3
0,9
0,310
0,305
0,308
0,304
0,303
0,302
0,307
0,12
0,10
0,8
0,0
0,318
0,300
0,374
0,299
0,401
0,298
0,358
0,297
0,392
0,296
0,373
0,295
0,294
0,426
0,293
0,354
0,292
0,372
0,291
0,431
0,290
0,438
0,289
0,409
0,288
0,425
0,287
0,323
0,286
0,429
0,285
0,351
0,284
0,347
0,283
0,412
0,282
0,352
0,281
0,316
0,280
0,327
0,279
0,350
0,278
0,277
0,428
14,17
14,18
14,20
14,21
14,23
14,24
14,26
14,28
14,29
14,31
14,32
14,34
14,36
14,64
14,66
14,67
14,69
14,70
14,72
14,74
14,75
14,77
14,78
14,80
14,82
14,83
14,85
14,86
14,88
14,89
14,91
14,93
14,94
14,96
14,98
14,100
14,102
14,103
14,105
14,106
14,108
15,0
15,2
15,4
15,5
15,7
15,8
15,10
15,12
15,13
16,0
16,1
16,3
16,5
16,6
16,8
16,9
16,11
16,12
16,14
16,16
16,17
16,19
16,20
16,22
16,24
16,25
16,27
16,28
17,0
17,1
17,3
17,5
17,6
18,1
18,2
18,4
19,0
19,1
19,3
19,4
20,0
20,1
20,3
20,5
21,0
21,2
21,3
21,5
22,1
22,2
22,4
23,0
23,2
23,4
23,5
24,1
24,2
24,4
24,5
24,7
25,0
25,1
25,3
25,4
26,2
26,5
26,6
26,9
26,10
26,12
26,13
26,15
26,17
26,18
26,20
26,21
26,23
26,25
26,26
26,28
26,29
26,31
26,32
26,34
26,36
26,64
26,66
26,67
26,69
26,71
26,72
26,74
26,75
26,77
26,78
26,80
26,82
26,83
26,85
26,86
26,88
26,90
26,91
26,93
26,94
26,96
26,98
27,0
27,2
27,3
27,5
28,0
28,2
28,4
28,5
28,7
28,8
28,10
28,12
28,13
28,11
28,9
28,6
28,3
28,1
27,4
27,1
26,97
26,95
26,92
26,89
26,87
26,84
26,81
26,79
26,76
26,73
26,70
26,68
26,65
26,35
26,33
26,30
26,27
26,24
26,22
26,19
26,16
26,14
26,11
26,8
26,4
26,0
25,2
24,8
24,6
24,3
24,0
23,3
23,1
22,3
22,0
21,4
21,1
20,4
20,2
19,5
19,2
18,5
18,3
18,0
17,4
17,2
16,29
16,26
16,23
16,21
16,18
16,15
16,13
16,10
16,7
16,4
16,2
15,14
15,11
15,9
15,6
15,3
15,1
14,107
14,104
14,101
14,99
14,95
14,92
14,90
14,87
14,84
14,81
14,79
14,76
14,73
14,71
14,68
14,65
14,35
14,33
14,30
14,27
14,25
14,22
14,19
0,276
0,433
0,275
0,424
0,274
0,394
0,273
0,371
0,272
0,404
0,271
0,419
0,270
0,320
0,269
0,348
0,268
0,403
0,267
0,344
0,266
0,386
0,265
0,418
0,264
0,368
0,263
0,343
0,262
0,313
0,261
0,260
0,311
0,259
0,410
0,258
0,257
0,336
0,256
0,447
0,255
0,417
0,254
0,319
0,253
0,342
0,252
0,364
0,251
0,309
0,250
0,389
0,249
0,399
0,248
0,420
0,247
0,382
0,246
0,301
0,245
0,244
0,387
0,242
0,363
0,241
0,332
0,240
0,335
0,239
0,361
0,238
0,357
0,237
0,356
0,236
0,333
0,235
0,234
0,443
0,233
0,432
0,232
0,444
0,231
0,346
0,230
0,331
0,229
0,414
0,228
0,441
0,227
0,446
0,226
0,339
0,225
0,325
0,224
0,345
0,223
0,377
0,222
0,341
0,221
0,366
0,220
0,340
0,219
0,430
0,218
0,338
0,217
0,381
0,216
0,370
0,215
0,400
0,214
0,378
0,213
0,398
0,212
0,384
0,211
0,407
0,210
0,209
0,396
0,208
0,388
0,207
0,353
0,206
0,397
0,205
0,315
0,204
0,440
0,203
0,437
0,202
0,422
0,201
0,436
0,200
0,337
0,199
0,334
0,198
0,326
0,197
0,375
0,196
0,379
0,195
0,442
0,194
0,329
0,193
0,312
0,192
0,360
0,63
0,355
0,62
0,349
0,61
0,321
0,60
0,445
0,59
0,58
0,328
0,57
0,413
0,56
0,421
0,55
0,330
0,54
0,393
0,53
0,306
0,52
0,317
0,51
0,434
0,50
0,415
0,49
0,391
0,48
0,402
0,47
0,390
0,46
0,427
0,45
0,324
0,6
0,5
0,1
0,11
0,4
0,2
0,3
0,7
